service_id,monday,tuesday,wednesday,thursday,friday,saturday,sunday,start_date,end_date
4503599630773892,1,1,1,1,1,0,0,20140901,20151231
4503599630810394,0,0,0,0,0,1,0,20140906,20151226
4503599631507892,1,1,1,1,1,0,0,20140512,20151231
4503599631507895,0,0,0,0,0,1,0,20140517,20151226
4503599631512310,1,1,1,1,1,0,0,20140101,20151231
4503599631531208,1,1,1,1,1,1,0,20140901,20151231
4503603923740912,1,1,1,1,1,0,0,20140901,20150703
4503603925963979,0,0,0,0,0,1,0,20140104,20151226
4503603927925062,1,1,1,1,1,0,0,20141103,20151231
4503603927945615,0,1,0,0,1,1,0,20131029,20150828
4503603928043058,1,1,1,1,0,0,1,20140101,20150331
4503603928043059,0,0,0,0,1,0,0,20140103,20150327
4503603928058184,0,0,0,0,1,0,0,20140502,20140823
4503603928094285,1,1,1,1,1,0,0,20141013,20151231
4503603928103735,1,1,1,1,1,0,0,20140901,20150828
4503603928122875,1,1,1,1,1,0,0,20140901,20150128
4503603928123137,1,1,1,1,1,0,0,20140901,20150128
4503603928124661,1,1,1,1,1,0,0,20140901,20150116
4503603928126559,1,1,0,1,1,0,0,20140901,20150127
4503603928131953,0,0,0,0,1,0,0,20140905,20150123
4503603928132889,0,0,0,0,0,1,0,20140906,20150124
4503603928133947,0,0,0,0,0,1,0,20140906,20150117
4503603928137932,0,0,0,0,0,0,1,20140907,20150125
4503603928138069,0,0,0,0,0,0,1,20140907,20150125
4503603928138566,0,0,0,0,0,0,1,20140907,20150118
4503603928159326,1,1,1,1,1,0,0,20140929,20150128
4503603928159330,1,1,0,1,1,0,0,20140929,20150127
4503603928160261,1,1,1,1,1,0,0,20140912,20150128
4503603928160316,0,0,0,0,0,1,0,20140913,20150124
4503603928160845,0,0,0,0,0,0,1,20140914,20150125
4503603928161166,0,0,0,0,0,0,1,20140914,20150125
4503603928162157,1,1,0,1,1,0,0,20140929,20150128
4503603928162248,1,1,0,1,1,0,0,20140912,20150127
4503603928162702,1,1,1,1,1,1,0,20140912,20150128
4503603928163026,0,0,1,0,0,1,0,20140913,20150124
4503603928163027,1,1,0,1,1,0,0,20140912,20150128
4503603928163865,1,1,1,1,1,0,0,20140912,20150128
4503603928183774,0,0,0,0,0,1,0,20141011,20150124
4503603928183892,0,0,0,0,0,1,0,20141025,20150124
4503603928184751,0,0,0,0,0,1,1,20141025,20150125
4503603928185194,0,0,0,0,0,1,1,20141026,20150125
4503603928185265,1,1,1,1,1,0,0,20141007,20150128
4503603928186089,0,0,0,0,0,1,1,20141026,20150125
4503603928186188,0,0,0,0,1,0,0,20140103,20150102
4503603928186205,0,0,0,0,1,0,0,20140110,20150327
4503603928186252,0,0,0,0,0,1,0,20140104,20150328
4503603928186289,0,0,0,0,0,1,0,20141108,20141227
4503603928186323,0,0,0,0,0,0,1,20141109,20141228
4503603928186375,0,0,0,0,1,0,0,20131227,20131227
4503603928186384,0,0,0,0,0,1,0,20140104,20150328
4503603928186432,0,0,0,0,1,0,0,20140103,20150102
4503603928186465,0,0,0,0,1,0,0,20140110,20150327
4503603928186565,0,0,0,0,0,1,1,20141011,20141102
4503603928186656,0,0,0,0,0,1,0,20141108,20151226
4503603928186728,0,0,0,0,0,0,1,20141109,20151227
4503603928186729,0,0,0,0,1,0,0,20131227,20150103
4503603928190451,1,1,1,1,1,0,0,20141103,20150128
4503603928192539,1,1,0,1,1,0,0,20141103,20150127
4503603928193465,1,1,1,1,1,0,0,20141020,20151231
4503603928196516,0,0,0,0,0,1,0,20141108,20150124
4503603928197165,0,1,0,0,0,0,1,20141109,20150125
4503603928201167,1,0,1,1,1,0,0,20141110,20151231
4503603928201185,0,0,0,0,0,1,0,20141115,20151226
4503603928201632,1,0,1,1,1,0,0,20141110,20150128
4503603928201634,1,0,0,1,1,0,0,20141110,20150127
4503603928202418,1,1,1,1,1,0,0,20141117,20150128
4503603928202433,1,1,0,1,1,0,0,20141117,20150127
4503603928206431,0,0,0,0,0,1,0,20141122,20150124
4503603928207625,0,0,0,0,0,0,1,20141123,20150125
4503603928208072,0,0,0,0,0,0,1,20141123,20150125
4503603928208140,0,0,0,0,0,0,1,20141123,20150125
4503603928211838,1,1,1,1,1,0,0,20141201,20150128
4503603928211877,1,1,0,1,1,0,0,20141201,20150127
4503603928214202,1,1,1,1,1,0,0,20141208,20150128
4503603928217510,1,1,1,1,1,0,0,20141215,20150128
4503603928218318,1,1,0,1,1,0,0,20141215,20150127
4503603928219764,0,0,0,0,0,1,0,20141220,20150124
4503603928220838,0,0,0,1,0,0,1,20141221,20150125
4503603928224620,1,1,1,0,1,0,0,20141222,20150128
4503603928229282,0,0,0,1,0,0,1,20141225,20150125
4503603928230241,0,0,0,0,0,1,0,20141227,20150124
4503603928230802,0,0,0,0,0,0,1,20141228,20150125
4503603928235269,1,1,1,1,1,0,0,20150105,20150128
4503603928235677,1,1,0,1,1,0,0,20150105,20150127
4503603928237207,0,0,0,1,0,0,0,20150101,20150101
4503603928237890,1,1,1,1,1,0,1,20150105,20150128
4503603928237949,1,1,1,1,1,1,0,20150105,20150128
4503603928238247,0,0,1,0,0,0,0,20150107,20150128
4503603928239691,0,0,0,0,1,0,0,20150109,20150123
4503603928240268,0,0,0,0,1,1,0,20150109,20150124
4503603928241381,0,0,0,0,0,1,0,20150110,20150124
4503603928241839,0,0,0,0,0,1,1,20150110,20150125
4503603928241940,0,0,0,0,0,0,1,20150111,20150125
4503603928246087,1,1,1,1,1,0,0,20150119,20150128
4503603928248581,0,0,0,0,0,1,0,20150103,20150124
4503603928248684,0,0,0,0,0,0,1,20150104,20150125
4503603928251014,0,0,0,0,0,1,0,20150124,20150124
4503603928251391,0,0,0,0,0,0,1,20150125,20150125
4503603928252632,1,1,1,1,1,0,0,20150108,20150128
4785078899048804,1,1,1,1,1,0,0,20140102,20150331
4785078899048805,1,1,1,1,0,0,0,20140102,20150331
4785078899048807,1,1,1,1,0,0,0,20140102,20150331
4785078899048812,1,1,1,1,0,0,0,20140102,20150331
4785078899048813,0,0,0,0,1,0,0,20140110,20150327
4785078899048825,0,0,0,0,0,1,0,20140104,20150328
4785078899048827,0,0,0,0,0,1,0,20140104,20150328
4785078899048829,0,0,1,0,0,0,1,20140101,20150329
4785078899048830,0,0,0,0,0,0,1,20140105,20150329
4785078899048836,1,1,0,0,0,0,0,20140428,20141231
4785078899048858,0,0,1,0,0,0,0,20140101,20150101
4785078899049044,1,1,1,1,1,0,0,20140106,20150331
4785078899049046,1,1,1,1,0,0,0,20140106,20150331
4785078899049048,1,1,1,1,0,1,0,20140104,20150331
4785078899049051,1,1,1,1,0,0,0,20140106,20150331
4785078899049061,0,0,0,0,1,0,0,20140110,20150327
4785078899049069,0,0,0,0,0,1,0,20140104,20150328
4785078899049077,0,0,0,0,0,0,1,20140105,20150329
4785078899049087,0,0,0,0,1,0,1,20140105,20150329
4785078899049090,0,0,0,1,1,0,0,20140102,20150211
4785078899049092,0,0,0,1,0,0,0,20140102,20150211
4785078899049106,0,0,0,1,0,0,0,20140102,20150211
4785078899049108,0,0,0,0,1,0,0,20140103,20150102
4785078899049159,0,0,1,0,0,0,0,20140101,20150101
4785078899049170,0,0,0,0,1,1,0,20140103,20150328
